Grading at 09/03/2021:16:06:06.898181
For commit ID 356d70915e26add1c0b7c8eb65344781fdf4dd11
Grading at Fri Sep  3 12:05:58 EDT 2021
Attempting to compile retirement.c
Checking for struct _retire_info
Found on line 4, column 1 
Checking for field int months
Found on line 5, column 3 
Checking for field double contribution
Found on line 6, column 3 
Checking for field double rate_of_return
Found on line 7, column 3 
Checking for typedef of struct _retire_info to retire_info
Found on line 10, column 1 
Checking for void retirement (int startAge, double initial,  retire_info working,  retire_info retired)
Found on line 12, column 1 
Checking for int main(void)
Found on line 40, column 1 
Trying to run retirement calculator..
Your file matched the expected output
Removing your main() and replacing it with our own to run more tests...
                |         Working              |        Retired         
 Age | Initial  | Saving  |   Rate    | Months | Spending |   Rate    | Months | Result
 240 |     0.00 | 1234.00 | 0.0026700 |   597  | -3567.00 | 0.0001900 |   232  | Correct
 240 |     0.00 | 1234.00 | 0.0026700 |   597  | -3567.00 | 0.0001900 |   390  | Correct
 240 |     0.00 | 1234.00 | 0.0026700 |   597  | -3567.00 | 0.0040600 |   219  | Correct
 240 |     0.00 | 1234.00 | 0.0026700 |   597  | -3567.00 | 0.0040600 |   372  | Correct
 240 |     0.00 | 1234.00 | 0.0026700 |   597  | -6534.00 | 0.0002400 |   215  | Correct
 240 |     0.00 | 1234.00 | 0.0026700 |   597  | -6534.00 | 0.0002400 |   394  | Correct
 240 |     0.00 | 1234.00 | 0.0026700 |   597  | -6534.00 | 0.0043900 |   208  | Correct
 240 |     0.00 | 1234.00 | 0.0026700 |   597  | -6534.00 | 0.0043900 |   381  | Correct
 240 |     0.00 | 1234.00 | 0.0026700 |   601  | -3567.00 | 0.0006500 |   218  | Correct
 240 |     0.00 | 1234.00 | 0.0026700 |   601  | -3567.00 | 0.0006500 |   381  | Correct
 240 |     0.00 | 1234.00 | 0.0026700 |   601  | -3567.00 | 0.0040900 |   218  | Correct
 240 |     0.00 | 1234.00 | 0.0026700 |   601  | -3567.00 | 0.0040900 |   407  | Correct
 240 |     0.00 | 1234.00 | 0.0026700 |   601  | -6534.00 | 0.0006400 |   207  | Correct
 240 |     0.00 | 1234.00 | 0.0026700 |   601  | -6534.00 | 0.0006400 |   374  | Correct
 240 |     0.00 | 1234.00 | 0.0026700 |   601  | -6534.00 | 0.0045800 |   215  | Correct
 240 |     0.00 | 1234.00 | 0.0026700 |   601  | -6534.00 | 0.0045800 |   409  | Correct
 240 |     0.00 | 1234.00 | 0.0056700 |   597  | -3567.00 | 0.0007900 |   227  | Correct
 240 |     0.00 | 1234.00 | 0.0056700 |   597  | -3567.00 | 0.0007900 |   394  | Correct
 240 |     0.00 | 1234.00 | 0.0056700 |   597  | -3567.00 | 0.0043300 |   210  | Correct
 240 |     0.00 | 1234.00 | 0.0056700 |   597  | -3567.00 | 0.0043300 |   401  | Correct
 240 |     0.00 | 1234.00 | 0.0056700 |   597  | -6534.00 | 0.0006600 |   206  | Correct
 240 |     0.00 | 1234.00 | 0.0056700 |   597  | -6534.00 | 0.0006600 |   375  | Correct
 240 |     0.00 | 1234.00 | 0.0056700 |   597  | -6534.00 | 0.0048100 |   212  | Correct
 240 |     0.00 | 1234.00 | 0.0056700 |   597  | -6534.00 | 0.0048100 |   388  | Correct
 240 |     0.00 | 1234.00 | 0.0056700 |   589  | -3567.00 | 0.0009500 |   233  | Correct
 240 |     0.00 | 1234.00 | 0.0056700 |   589  | -3567.00 | 0.0009500 |   408  | Correct
 240 |     0.00 | 1234.00 | 0.0056700 |   589  | -3567.00 | 0.0044500 |   214  | Correct
 240 |     0.00 | 1234.00 | 0.0056700 |   589  | -3567.00 | 0.0044500 |   383  | Correct
 240 |     0.00 | 1234.00 | 0.0056700 |   589  | -6534.00 | 0.0006000 |   218  | Correct
 240 |     0.00 | 1234.00 | 0.0056700 |   589  | -6534.00 | 0.0006000 |   376  | Correct
 240 |     0.00 | 1234.00 | 0.0056700 |   589  | -6534.00 | 0.0047600 |   222  | Correct
 240 |     0.00 | 1234.00 | 0.0056700 |   589  | -6534.00 | 0.0047600 |   406  | Correct
 240 |     0.00 | 3413.00 | 0.0026700 |   597  | -3567.00 | 0.0001100 |   230  | Correct
 240 |     0.00 | 3413.00 | 0.0026700 |   597  | -3567.00 | 0.0001100 |   374  | Correct
 240 |     0.00 | 3413.00 | 0.0026700 |   597  | -3567.00 | 0.0044400 |   216  | Correct
 240 |     0.00 | 3413.00 | 0.0026700 |   597  | -3567.00 | 0.0044400 |   399  | Correct
 240 |     0.00 | 3413.00 | 0.0026700 |   597  | -6534.00 | 0.0002700 |   207  | Correct
 240 |     0.00 | 3413.00 | 0.0026700 |   597  | -6534.00 | 0.0002700 |   381  | Correct
 240 |     0.00 | 3413.00 | 0.0026700 |   597  | -6534.00 | 0.0041400 |   225  | Correct
 240 |     0.00 | 3413.00 | 0.0026700 |   597  | -6534.00 | 0.0041400 |   388  | Correct
 240 |     0.00 | 3413.00 | 0.0026700 |   605  | -3567.00 | 0.0009000 |   231  | Correct
 240 |     0.00 | 3413.00 | 0.0026700 |   605  | -3567.00 | 0.0009000 |   408  | Correct
 240 |     0.00 | 3413.00 | 0.0026700 |   605  | -3567.00 | 0.0041100 |   231  | Correct
 240 |     0.00 | 3413.00 | 0.0026700 |   605  | -3567.00 | 0.0041100 |   371  | Correct
 240 |     0.00 | 3413.00 | 0.0026700 |   605  | -6534.00 | 0.0005500 |   209  | Correct
 240 |     0.00 | 3413.00 | 0.0026700 |   605  | -6534.00 | 0.0005500 |   375  | Correct
 240 |     0.00 | 3413.00 | 0.0026700 |   605  | -6534.00 | 0.0040000 |   224  | Correct
 240 |     0.00 | 3413.00 | 0.0026700 |   605  | -6534.00 | 0.0040000 |   406  | Correct
 240 |     0.00 | 3413.00 | 0.0056700 |   597  | -3567.00 | 0.0001800 |   208  | Correct
 240 |     0.00 | 3413.00 | 0.0056700 |   597  | -3567.00 | 0.0001800 |   400  | Correct
 240 |     0.00 | 3413.00 | 0.0056700 |   597  | -3567.00 | 0.0046600 |   231  | Correct
 240 |     0.00 | 3413.00 | 0.0056700 |   597  | -3567.00 | 0.0046600 |   379  | Correct
 240 |     0.00 | 3413.00 | 0.0056700 |   597  | -6534.00 | 0.0007400 |   209  | Correct
 240 |     0.00 | 3413.00 | 0.0056700 |   597  | -6534.00 | 0.0007400 |   371  | Correct
 240 |     0.00 | 3413.00 | 0.0056700 |   597  | -6534.00 | 0.0048500 |   209  | Correct
 240 |     0.00 | 3413.00 | 0.0056700 |   597  | -6534.00 | 0.0048500 |   371  | Correct
 240 |     0.00 | 3413.00 | 0.0056700 |   590  | -3567.00 | 0.0000500 |   211  | Correct
 240 |     0.00 | 3413.00 | 0.0056700 |   590  | -3567.00 | 0.0000500 |   409  | Correct
 240 |     0.00 | 3413.00 | 0.0056700 |   590  | -3567.00 | 0.0042200 |   208  | Correct
 240 |     0.00 | 3413.00 | 0.0056700 |   590  | -3567.00 | 0.0042200 |   400  | Correct
 240 |     0.00 | 3413.00 | 0.0056700 |   590  | -6534.00 | 0.0001900 |   219  | Correct
 240 |     0.00 | 3413.00 | 0.0056700 |   590  | -6534.00 | 0.0001900 |   372  | Correct
 240 |     0.00 | 3413.00 | 0.0056700 |   590  | -6534.00 | 0.0048100 |   232  | Correct
 240 |     0.00 | 3413.00 | 0.0056700 |   590  | -6534.00 | 0.0048100 |   406  | Correct
 240 |  8397.76 | 1234.00 | 0.0026700 |   597  | -3567.00 | 0.0000600 |   207  | Correct
 240 |  8397.76 | 1234.00 | 0.0026700 |   597  | -3567.00 | 0.0000600 |   390  | Correct
 240 |  8397.76 | 1234.00 | 0.0026700 |   597  | -3567.00 | 0.0047500 |   206  | Correct
 240 |  8397.76 | 1234.00 | 0.0026700 |   597  | -3567.00 | 0.0047500 |   392  | Correct
 240 |  8397.76 | 1234.00 | 0.0026700 |   597  | -6534.00 | 0.0007100 |   219  | Correct
 240 |  8397.76 | 1234.00 | 0.0026700 |   597  | -6534.00 | 0.0007100 |   382  | Correct
 240 |  8397.76 | 1234.00 | 0.0026700 |   597  | -6534.00 | 0.0048700 |   211  | Correct
 240 |  8397.76 | 1234.00 | 0.0026700 |   597  | -6534.00 | 0.0048700 |   403  | Correct
 240 |  8397.76 | 1234.00 | 0.0026700 |   589  | -3567.00 | 0.0009300 |   211  | Correct
 240 |  8397.76 | 1234.00 | 0.0026700 |   589  | -3567.00 | 0.0009300 |   377  | Correct
 240 |  8397.76 | 1234.00 | 0.0026700 |   589  | -3567.00 | 0.0043300 |   222  | Correct
 240 |  8397.76 | 1234.00 | 0.0026700 |   589  | -3567.00 | 0.0043300 |   382  | Correct
 240 |  8397.76 | 1234.00 | 0.0026700 |   589  | -6534.00 | 0.0007600 |   204  | Correct
 240 |  8397.76 | 1234.00 | 0.0026700 |   589  | -6534.00 | 0.0007600 |   383  | Correct
 240 |  8397.76 | 1234.00 | 0.0026700 |   589  | -6534.00 | 0.0041900 |   212  | Correct
 240 |  8397.76 | 1234.00 | 0.0026700 |   589  | -6534.00 | 0.0041900 |   384  | Correct
 240 |  8397.76 | 1234.00 | 0.0056700 |   597  | -3567.00 | 0.0001800 |   227  | Correct
 240 |  8397.76 | 1234.00 | 0.0056700 |   597  | -3567.00 | 0.0001800 |   392  | Correct
 240 |  8397.76 | 1234.00 | 0.0056700 |   597  | -3567.00 | 0.0045200 |   232  | Correct
 240 |  8397.76 | 1234.00 | 0.0056700 |   597  | -3567.00 | 0.0045200 |   382  | Correct
 240 |  8397.76 | 1234.00 | 0.0056700 |   597  | -6534.00 | 0.0004200 |   215  | Correct
 240 |  8397.76 | 1234.00 | 0.0056700 |   597  | -6534.00 | 0.0004200 |   400  | Correct
 240 |  8397.76 | 1234.00 | 0.0056700 |   597  | -6534.00 | 0.0042900 |   214  | Correct
 240 |  8397.76 | 1234.00 | 0.0056700 |   597  | -6534.00 | 0.0042900 |   378  | Correct
 240 |  8397.76 | 1234.00 | 0.0056700 |   609  | -3567.00 | 0.0008900 |   213  | Correct
 240 |  8397.76 | 1234.00 | 0.0056700 |   609  | -3567.00 | 0.0008900 |   370  | Correct
 240 |  8397.76 | 1234.00 | 0.0056700 |   609  | -3567.00 | 0.0045500 |   205  | Correct
 240 |  8397.76 | 1234.00 | 0.0056700 |   609  | -3567.00 | 0.0045500 |   393  | Correct
 240 |  8397.76 | 1234.00 | 0.0056700 |   609  | -6534.00 | 0.0000000 |   212  | Correct
 240 |  8397.76 | 1234.00 | 0.0056700 |   609  | -6534.00 | 0.0000000 |   383  | Correct
 240 |  8397.76 | 1234.00 | 0.0056700 |   609  | -6534.00 | 0.0040700 |   210  | Correct
 240 |  8397.76 | 1234.00 | 0.0056700 |   609  | -6534.00 | 0.0040700 |   409  | Correct
 240 |  8397.76 | 2691.00 | 0.0026700 |   597  | -3567.00 | 0.0009700 |   221  | Correct
 240 |  8397.76 | 2691.00 | 0.0026700 |   597  | -3567.00 | 0.0009700 |   398  | Correct
 240 |  8397.76 | 2691.00 | 0.0026700 |   597  | -3567.00 | 0.0040900 |   212  | Correct
 240 |  8397.76 | 2691.00 | 0.0026700 |   597  | -3567.00 | 0.0040900 |   386  | Correct
 240 |  8397.76 | 2691.00 | 0.0026700 |   597  | -6534.00 | 0.0005300 |   224  | Correct
 240 |  8397.76 | 2691.00 | 0.0026700 |   597  | -6534.00 | 0.0005300 |   385  | Correct
 240 |  8397.76 | 2691.00 | 0.0026700 |   597  | -6534.00 | 0.0049900 |   204  | Correct
 240 |  8397.76 | 2691.00 | 0.0026700 |   597  | -6534.00 | 0.0049900 |   372  | Correct
 240 |  8397.76 | 2691.00 | 0.0026700 |   609  | -3567.00 | 0.0009800 |   210  | Correct
 240 |  8397.76 | 2691.00 | 0.0026700 |   609  | -3567.00 | 0.0009800 |   398  | Correct
 240 |  8397.76 | 2691.00 | 0.0026700 |   609  | -3567.00 | 0.0042000 |   228  | Correct
 240 |  8397.76 | 2691.00 | 0.0026700 |   609  | -3567.00 | 0.0042000 |   403  | Correct
 240 |  8397.76 | 2691.00 | 0.0026700 |   609  | -6534.00 | 0.0003700 |   219  | Correct
 240 |  8397.76 | 2691.00 | 0.0026700 |   609  | -6534.00 | 0.0003700 |   388  | Correct
 240 |  8397.76 | 2691.00 | 0.0026700 |   609  | -6534.00 | 0.0049000 |   216  | Correct
 240 |  8397.76 | 2691.00 | 0.0026700 |   609  | -6534.00 | 0.0049000 |   379  | Correct
 240 |  8397.76 | 2691.00 | 0.0056700 |   597  | -3567.00 | 0.0003000 |   210  | Correct
 240 |  8397.76 | 2691.00 | 0.0056700 |   597  | -3567.00 | 0.0003000 |   400  | Correct
 240 |  8397.76 | 2691.00 | 0.0056700 |   597  | -3567.00 | 0.0048500 |   219  | Correct
 240 |  8397.76 | 2691.00 | 0.0056700 |   597  | -3567.00 | 0.0048500 |   396  | Correct
 240 |  8397.76 | 2691.00 | 0.0056700 |   597  | -6534.00 | 0.0006600 |   214  | Correct
 240 |  8397.76 | 2691.00 | 0.0056700 |   597  | -6534.00 | 0.0006600 |   377  | Correct
 240 |  8397.76 | 2691.00 | 0.0056700 |   597  | -6534.00 | 0.0044900 |   231  | Correct
 240 |  8397.76 | 2691.00 | 0.0056700 |   597  | -6534.00 | 0.0044900 |   383  | Correct
 240 |  8397.76 | 2691.00 | 0.0056700 |   607  | -3567.00 | 0.0005300 |   222  | Correct
 240 |  8397.76 | 2691.00 | 0.0056700 |   607  | -3567.00 | 0.0005300 |   382  | Correct
 240 |  8397.76 | 2691.00 | 0.0056700 |   607  | -3567.00 | 0.0046200 |   205  | Correct
 240 |  8397.76 | 2691.00 | 0.0056700 |   607  | -3567.00 | 0.0046200 |   375  | Correct
 240 |  8397.76 | 2691.00 | 0.0056700 |   607  | -6534.00 | 0.0002200 |   210  | Correct
 240 |  8397.76 | 2691.00 | 0.0056700 |   607  | -6534.00 | 0.0002200 |   408  | Correct
 240 |  8397.76 | 2691.00 | 0.0056700 |   607  | -6534.00 | 0.0042900 |   205  | Correct
 240 |  8397.76 | 2691.00 | 0.0056700 |   607  | -6534.00 | 0.0042900 |   385  | Correct
 345 |     0.00 | 1234.00 | 0.0026700 |   597  | -3567.00 | 0.0005500 |   215  | Correct
 345 |     0.00 | 1234.00 | 0.0026700 |   597  | -3567.00 | 0.0005500 |   388  | Correct
 345 |     0.00 | 1234.00 | 0.0026700 |   597  | -3567.00 | 0.0042000 |   205  | Correct
 345 |     0.00 | 1234.00 | 0.0026700 |   597  | -3567.00 | 0.0042000 |   382  | Correct
 345 |     0.00 | 1234.00 | 0.0026700 |   597  | -6534.00 | 0.0009600 |   225  | Correct
 345 |     0.00 | 1234.00 | 0.0026700 |   597  | -6534.00 | 0.0009600 |   409  | Correct
 345 |     0.00 | 1234.00 | 0.0026700 |   597  | -6534.00 | 0.0046200 |   215  | Correct
 345 |     0.00 | 1234.00 | 0.0026700 |   597  | -6534.00 | 0.0046200 |   374  | Correct
 345 |     0.00 | 1234.00 | 0.0026700 |   593  | -3567.00 | 0.0008400 |   207  | Correct
 345 |     0.00 | 1234.00 | 0.0026700 |   593  | -3567.00 | 0.0008400 |   409  | Correct
 345 |     0.00 | 1234.00 | 0.0026700 |   593  | -3567.00 | 0.0042200 |   223  | Correct
 345 |     0.00 | 1234.00 | 0.0026700 |   593  | -3567.00 | 0.0042200 |   392  | Correct
 345 |     0.00 | 1234.00 | 0.0026700 |   593  | -6534.00 | 0.0001900 |   206  | Correct
 345 |     0.00 | 1234.00 | 0.0026700 |   593  | -6534.00 | 0.0001900 |   391  | Correct
 345 |     0.00 | 1234.00 | 0.0026700 |   593  | -6534.00 | 0.0046100 |   215  | Correct
 345 |     0.00 | 1234.00 | 0.0026700 |   593  | -6534.00 | 0.0046100 |   405  | Correct
 345 |     0.00 | 1234.00 | 0.0056700 |   597  | -3567.00 | 0.0001600 |   214  | Correct
 345 |     0.00 | 1234.00 | 0.0056700 |   597  | -3567.00 | 0.0001600 |   403  | Correct
 345 |     0.00 | 1234.00 | 0.0056700 |   597  | -3567.00 | 0.0047200 |   221  | Correct
 345 |     0.00 | 1234.00 | 0.0056700 |   597  | -3567.00 | 0.0047200 |   371  | Correct
 345 |     0.00 | 1234.00 | 0.0056700 |   597  | -6534.00 | 0.0008400 |   221  | Correct
 345 |     0.00 | 1234.00 | 0.0056700 |   597  | -6534.00 | 0.0008400 |   386  | Correct
 345 |     0.00 | 1234.00 | 0.0056700 |   597  | -6534.00 | 0.0046800 |   227  | Correct
 345 |     0.00 | 1234.00 | 0.0056700 |   597  | -6534.00 | 0.0046800 |   383  | Correct
 345 |     0.00 | 1234.00 | 0.0056700 |   592  | -3567.00 | 0.0000700 |   224  | Correct
 345 |     0.00 | 1234.00 | 0.0056700 |   592  | -3567.00 | 0.0000700 |   378  | Correct
 345 |     0.00 | 1234.00 | 0.0056700 |   592  | -3567.00 | 0.0046400 |   223  | Correct
 345 |     0.00 | 1234.00 | 0.0056700 |   592  | -3567.00 | 0.0046400 |   397  | Correct
 345 |     0.00 | 1234.00 | 0.0056700 |   592  | -6534.00 | 0.0009000 |   216  | Correct
 345 |     0.00 | 1234.00 | 0.0056700 |   592  | -6534.00 | 0.0009000 |   407  | Correct
 345 |     0.00 | 1234.00 | 0.0056700 |   592  | -6534.00 | 0.0045900 |   210  | Correct
 345 |     0.00 | 1234.00 | 0.0056700 |   592  | -6534.00 | 0.0045900 |   403  | Correct
 345 |     0.00 | 3629.00 | 0.0026700 |   597  | -3567.00 | 0.0007600 |   206  | Correct
 345 |     0.00 | 3629.00 | 0.0026700 |   597  | -3567.00 | 0.0007600 |   387  | Correct
 345 |     0.00 | 3629.00 | 0.0026700 |   597  | -3567.00 | 0.0046300 |   221  | Correct
 345 |     0.00 | 3629.00 | 0.0026700 |   597  | -3567.00 | 0.0046300 |   396  | Correct
 345 |     0.00 | 3629.00 | 0.0026700 |   597  | -6534.00 | 0.0004300 |   229  | Correct
 345 |     0.00 | 3629.00 | 0.0026700 |   597  | -6534.00 | 0.0004300 |   374  | Correct
 345 |     0.00 | 3629.00 | 0.0026700 |   597  | -6534.00 | 0.0046100 |   225  | Correct
 345 |     0.00 | 3629.00 | 0.0026700 |   597  | -6534.00 | 0.0046100 |   380  | Correct
 345 |     0.00 | 3629.00 | 0.0026700 |   597  | -3567.00 | 0.0009900 |   206  | Correct
 345 |     0.00 | 3629.00 | 0.0026700 |   597  | -3567.00 | 0.0009900 |   403  | Correct
 345 |     0.00 | 3629.00 | 0.0026700 |   597  | -3567.00 | 0.0046100 |   217  | Correct
 345 |     0.00 | 3629.00 | 0.0026700 |   597  | -3567.00 | 0.0046100 |   392  | Correct
 345 |     0.00 | 3629.00 | 0.0026700 |   597  | -6534.00 | 0.0001600 |   222  | Correct
 345 |     0.00 | 3629.00 | 0.0026700 |   597  | -6534.00 | 0.0001600 |   401  | Correct
 345 |     0.00 | 3629.00 | 0.0026700 |   597  | -6534.00 | 0.0042600 |   221  | Correct
 345 |     0.00 | 3629.00 | 0.0026700 |   597  | -6534.00 | 0.0042600 |   393  | Correct
 345 |     0.00 | 3629.00 | 0.0056700 |   597  | -3567.00 | 0.0003600 |   231  | Correct
 345 |     0.00 | 3629.00 | 0.0056700 |   597  | -3567.00 | 0.0003600 |   387  | Correct
 345 |     0.00 | 3629.00 | 0.0056700 |   597  | -3567.00 | 0.0041700 |   230  | Correct
 345 |     0.00 | 3629.00 | 0.0056700 |   597  | -3567.00 | 0.0041700 |   376  | Correct
 345 |     0.00 | 3629.00 | 0.0056700 |   597  | -6534.00 | 0.0005300 |   216  | Correct
 345 |     0.00 | 3629.00 | 0.0056700 |   597  | -6534.00 | 0.0005300 |   388  | Correct
 345 |     0.00 | 3629.00 | 0.0056700 |   597  | -6534.00 | 0.0045200 |   206  | Correct
 345 |     0.00 | 3629.00 | 0.0056700 |   597  | -6534.00 | 0.0045200 |   389  | Correct
 345 |     0.00 | 3629.00 | 0.0056700 |   589  | -3567.00 | 0.0007200 |   213  | Correct
 345 |     0.00 | 3629.00 | 0.0056700 |   589  | -3567.00 | 0.0007200 |   377  | Correct
 345 |     0.00 | 3629.00 | 0.0056700 |   589  | -3567.00 | 0.0044100 |   232  | Correct
 345 |     0.00 | 3629.00 | 0.0056700 |   589  | -3567.00 | 0.0044100 |   386  | Correct
 345 |     0.00 | 3629.00 | 0.0056700 |   589  | -6534.00 | 0.0008600 |   218  | Correct
 345 |     0.00 | 3629.00 | 0.0056700 |   589  | -6534.00 | 0.0008600 |   408  | Correct
 345 |     0.00 | 3629.00 | 0.0056700 |   589  | -6534.00 | 0.0040100 |   216  | Correct
 345 |     0.00 | 3629.00 | 0.0056700 |   589  | -6534.00 | 0.0040100 |   382  | Correct
 345 |  8385.86 | 1234.00 | 0.0026700 |   597  | -3567.00 | 0.0008800 |   211  | Correct
 345 |  8385.86 | 1234.00 | 0.0026700 |   597  | -3567.00 | 0.0008800 |   403  | Correct
 345 |  8385.86 | 1234.00 | 0.0026700 |   597  | -3567.00 | 0.0040000 |   213  | Correct
 345 |  8385.86 | 1234.00 | 0.0026700 |   597  | -3567.00 | 0.0040000 |   390  | Correct
 345 |  8385.86 | 1234.00 | 0.0026700 |   597  | -6534.00 | 0.0004100 |   226  | Correct
 345 |  8385.86 | 1234.00 | 0.0026700 |   597  | -6534.00 | 0.0004100 |   371  | Correct
 345 |  8385.86 | 1234.00 | 0.0026700 |   597  | -6534.00 | 0.0043200 |   231  | Correct
 345 |  8385.86 | 1234.00 | 0.0026700 |   597  | -6534.00 | 0.0043200 |   393  | Correct
 345 |  8385.86 | 1234.00 | 0.0026700 |   605  | -3567.00 | 0.0005200 |   229  | Correct
 345 |  8385.86 | 1234.00 | 0.0026700 |   605  | -3567.00 | 0.0005200 |   376  | Correct
 345 |  8385.86 | 1234.00 | 0.0026700 |   605  | -3567.00 | 0.0048900 |   210  | Correct
 345 |  8385.86 | 1234.00 | 0.0026700 |   605  | -3567.00 | 0.0048900 |   375  | Correct
 345 |  8385.86 | 1234.00 | 0.0026700 |   605  | -6534.00 | 0.0006200 |   221  | Correct
 345 |  8385.86 | 1234.00 | 0.0026700 |   605  | -6534.00 | 0.0006200 |   394  | Correct
 345 |  8385.86 | 1234.00 | 0.0026700 |   605  | -6534.00 | 0.0046300 |   218  | Correct
 345 |  8385.86 | 1234.00 | 0.0026700 |   605  | -6534.00 | 0.0046300 |   403  | Correct
 345 |  8385.86 | 1234.00 | 0.0056700 |   597  | -3567.00 | 0.0008100 |   221  | Correct
 345 |  8385.86 | 1234.00 | 0.0056700 |   597  | -3567.00 | 0.0008100 |   404  | Correct
 345 |  8385.86 | 1234.00 | 0.0056700 |   597  | -3567.00 | 0.0041000 |   212  | Correct
 345 |  8385.86 | 1234.00 | 0.0056700 |   597  | -3567.00 | 0.0041000 |   397  | Correct
 345 |  8385.86 | 1234.00 | 0.0056700 |   597  | -6534.00 | 0.0004100 |   226  | Correct
 345 |  8385.86 | 1234.00 | 0.0056700 |   597  | -6534.00 | 0.0004100 |   402  | Correct
 345 |  8385.86 | 1234.00 | 0.0056700 |   597  | -6534.00 | 0.0044200 |   232  | Correct
 345 |  8385.86 | 1234.00 | 0.0056700 |   597  | -6534.00 | 0.0044200 |   373  | Correct
 345 |  8385.86 | 1234.00 | 0.0056700 |   592  | -3567.00 | 0.0004100 |   205  | Correct
 345 |  8385.86 | 1234.00 | 0.0056700 |   592  | -3567.00 | 0.0004100 |   407  | Correct
 345 |  8385.86 | 1234.00 | 0.0056700 |   592  | -3567.00 | 0.0047500 |   227  | Correct
 345 |  8385.86 | 1234.00 | 0.0056700 |   592  | -3567.00 | 0.0047500 |   393  | Correct
 345 |  8385.86 | 1234.00 | 0.0056700 |   592  | -6534.00 | 0.0000800 |   229  | Correct
 345 |  8385.86 | 1234.00 | 0.0056700 |   592  | -6534.00 | 0.0000800 |   409  | Correct
 345 |  8385.86 | 1234.00 | 0.0056700 |   592  | -6534.00 | 0.0040400 |   228  | Correct
 345 |  8385.86 | 1234.00 | 0.0056700 |   592  | -6534.00 | 0.0040400 |   382  | Correct
 345 |  8385.86 | 2566.00 | 0.0026700 |   597  | -3567.00 | 0.0000800 |   213  | Correct
 345 |  8385.86 | 2566.00 | 0.0026700 |   597  | -3567.00 | 0.0000800 |   406  | Correct
 345 |  8385.86 | 2566.00 | 0.0026700 |   597  | -3567.00 | 0.0047800 |   216  | Correct
 345 |  8385.86 | 2566.00 | 0.0026700 |   597  | -3567.00 | 0.0047800 |   385  | Correct
 345 |  8385.86 | 2566.00 | 0.0026700 |   597  | -6534.00 | 0.0003900 |   231  | Correct
 345 |  8385.86 | 2566.00 | 0.0026700 |   597  | -6534.00 | 0.0003900 |   406  | Correct
 345 |  8385.86 | 2566.00 | 0.0026700 |   597  | -6534.00 | 0.0045400 |   220  | Correct
 345 |  8385.86 | 2566.00 | 0.0026700 |   597  | -6534.00 | 0.0045400 |   385  | Correct
 345 |  8385.86 | 2566.00 | 0.0026700 |   587  | -3567.00 | 0.0005700 |   208  | Correct
 345 |  8385.86 | 2566.00 | 0.0026700 |   587  | -3567.00 | 0.0005700 |   372  | Correct
 345 |  8385.86 | 2566.00 | 0.0026700 |   587  | -3567.00 | 0.0048100 |   221  | Correct
 345 |  8385.86 | 2566.00 | 0.0026700 |   587  | -3567.00 | 0.0048100 |   374  | Correct
 345 |  8385.86 | 2566.00 | 0.0026700 |   587  | -6534.00 | 0.0002800 |   233  | Correct
 345 |  8385.86 | 2566.00 | 0.0026700 |   587  | -6534.00 | 0.0002800 |   392  | Correct
 345 |  8385.86 | 2566.00 | 0.0026700 |   587  | -6534.00 | 0.0041500 |   218  | Correct
 345 |  8385.86 | 2566.00 | 0.0026700 |   587  | -6534.00 | 0.0041500 |   384  | Correct
 345 |  8385.86 | 2566.00 | 0.0056700 |   597  | -3567.00 | 0.0002200 |   227  | Correct
 345 |  8385.86 | 2566.00 | 0.0056700 |   597  | -3567.00 | 0.0002200 |   384  | Correct
 345 |  8385.86 | 2566.00 | 0.0056700 |   597  | -3567.00 | 0.0042700 |   212  | Correct
 345 |  8385.86 | 2566.00 | 0.0056700 |   597  | -3567.00 | 0.0042700 |   398  | Correct
 345 |  8385.86 | 2566.00 | 0.0056700 |   597  | -6534.00 | 0.0007600 |   213  | Correct
 345 |  8385.86 | 2566.00 | 0.0056700 |   597  | -6534.00 | 0.0007600 |   403  | Correct
 345 |  8385.86 | 2566.00 | 0.0056700 |   597  | -6534.00 | 0.0043800 |   223  | Correct
 345 |  8385.86 | 2566.00 | 0.0056700 |   597  | -6534.00 | 0.0043800 |   378  | Correct
 345 |  8385.86 | 2566.00 | 0.0056700 |   586  | -3567.00 | 0.0001700 |   206  | Correct
 345 |  8385.86 | 2566.00 | 0.0056700 |   586  | -3567.00 | 0.0001700 |   384  | Correct
 345 |  8385.86 | 2566.00 | 0.0056700 |   586  | -3567.00 | 0.0044100 |   229  | Correct
 345 |  8385.86 | 2566.00 | 0.0056700 |   586  | -3567.00 | 0.0044100 |   400  | Correct
 345 |  8385.86 | 2566.00 | 0.0056700 |   586  | -6534.00 | 0.0009100 |   205  | Correct
 345 |  8385.86 | 2566.00 | 0.0056700 |   586  | -6534.00 | 0.0009100 |   385  | Correct
 345 |  8385.86 | 2566.00 | 0.0056700 |   586  | -6534.00 | 0.0047800 |   222  | Correct
 345 |  8385.86 | 2566.00 | 0.0056700 |   586  | -6534.00 | 0.0047800 |   380  | Correct

Overall Grade: A
